[charging_location]
total_number=1
th=0
x=1
y=0

[patrol_location]
total_number=0

[resting_location]
total_number=1
th=0
x=0
y=0

[serving_location]
loc0_th=-2.992702705980296
loc0_x=8.325000000000001
loc0_y=1.4500000000000002

loc1_th=1.5951817359676155
loc1_x=8.5
loc1_y=-1.55

loc2_th=0.11425432796143953
loc2_x=-1.375
loc2_y=0.45

loc3_th=1.61837943007188
loc3_x=-1.55
loc3_y=-2.6500000000000004

total_number=4
