[PATH]
location_0=Resting_0
location_1=Table_3
location_2=Table_4
location_3=Table_2
location_4=Resting_1
mode=0
num=5
th_0=0
th_1=-1.6014
th_2=-0.015383
th_3=1.65533
th_4=0.023252
type_0=START
type_1=POINT
type_2=POINT
type_3=POINT
type_4=POINT
x_0=0
x_1=6.38626
x_2=11.6521
x_3=8.28
x_4=-0.03
y_0=0
y_1=-1.39229
y_2=1.95265
y_3=0.39
y_4=0.75
